0 0.295250 0.256444 0.022500 0.041778
0 0.234500 0.376667 0.029000 0.036000
0 0.354750 0.396889 0.022500 0.033778
0 0.342750 0.341333 0.021000 0.038222
0 0.319375 0.352667 0.023250 0.040444
0 0.419125 0.397556 0.025250 0.034222
0 0.442500 0.358444 0.022500 0.044889
0 0.471750 0.288000 0.026500 0.044444
0 0.578125 0.199778 0.034750 0.034222
0 0.598375 0.262222 0.021750 0.040000
0 0.621875 0.249556 0.025250 0.055556
0 0.332500 0.486667 0.027000 0.039111
0 0.349125 0.503333 0.020750 0.036000
0 0.370000 0.522667 0.021500 0.046222
0 0.366875 0.556889 0.025250 0.024889
0 0.402000 0.555556 0.022500 0.039111
0 0.341375 0.607556 0.021250 0.037333
0 0.335500 0.649111 0.019500 0.040444
0 0.413500 0.670667 0.026500 0.041778
0 0.442125 0.634444 0.026250 0.041333
0 0.451500 0.674222 0.015500 0.030222
0 0.460500 0.685111 0.013500 0.032444
0 0.447000 0.696222 0.017000 0.020889
0 0.449625 0.715778 0.018250 0.018222
0 0.476875 0.708444 0.022250 0.035556
0 0.505500 0.726444 0.018000 0.035111
0 0.495375 0.759333 0.023750 0.041333
0 0.521375 0.768222 0.021250 0.040444
0 0.525375 0.724667 0.017250 0.042222
0 0.539000 0.679556 0.024000 0.037333
0 0.518000 0.681778 0.018000 0.042667
0 0.524125 0.636889 0.025250 0.040000
0 0.561250 0.633111 0.021500 0.054667
0 0.526125 0.593556 0.021250 0.033333
0 0.500750 0.604444 0.025000 0.031111
0 0.492125 0.531556 0.020250 0.041778
0 0.479125 0.535556 0.011250 0.043556
0 0.465125 0.533556 0.015250 0.044000
0 0.437500 0.520222 0.020500 0.034222
0 0.454750 0.512889 0.020000 0.025778
0 0.462125 0.486889 0.020250 0.040444
0 0.479125 0.487778 0.019250 0.044000
0 0.516875 0.498889 0.019750 0.039556
0 0.487250 0.402889 0.020500 0.055556
0 0.503625 0.388222 0.016250 0.034222
0 0.519500 0.346444 0.019000 0.039556
0 0.532875 0.369778 0.019750 0.033778
0 0.519125 0.381111 0.012750 0.028889
0 0.527000 0.411111 0.012000 0.044444
0 0.535250 0.405556 0.011500 0.029778
0 0.551375 0.386667 0.020750 0.035556
0 0.551250 0.441333 0.022500 0.040000
0 0.610500 0.525333 0.019500 0.041778
0 0.628000 0.557333 0.019500 0.053333
0 0.638875 0.576667 0.014750 0.033333
0 0.650000 0.612000 0.020000 0.044444
0 0.666000 0.585333 0.024500 0.037333
0 0.673375 0.650000 0.025250 0.038667
0 0.663000 0.675778 0.018000 0.033333
0 0.648000 0.670000 0.014500 0.036000
0 0.633750 0.680000 0.015500 0.041778
0 0.572625 0.694667 0.022250 0.037333
0 0.739250 0.703556 0.019500 0.027556
0 0.745500 0.669778 0.020000 0.023111
0 0.731000 0.680889 0.020000 0.028444
0 0.724125 0.623556 0.018250 0.037333
0 0.717625 0.657333 0.015750 0.037333
0 0.734625 0.651778 0.013250 0.030667
0 0.699250 0.548222 0.022000 0.034222
0 0.676125 0.560889 0.023750 0.042667
0 0.763250 0.541111 0.016500 0.038667
0 0.765375 0.484889 0.021250 0.040000
0 0.759875 0.427556 0.018250 0.045333
0 0.683750 0.350222 0.027000 0.042667
0 0.708875 0.363778 0.021750 0.036889
0 0.695500 0.374889 0.015500 0.018222
0 0.699125 0.399556 0.012250 0.034667
0 0.710750 0.422444 0.024000 0.042222
0 0.696250 0.469111 0.022500 0.028000
0 0.676875 0.464667 0.015250 0.036000
0 0.681875 0.494222 0.017750 0.021333
0 0.671125 0.504444 0.014250 0.043556
0 0.653500 0.525333 0.020000 0.041778
0 0.659250 0.475778 0.022000 0.036889
0 0.639250 0.434667 0.022000 0.041778
0 0.622625 0.485778 0.022250 0.029333
0 0.626625 0.450222 0.016750 0.029333
0 0.587375 0.488444 0.020250 0.031111
0 0.579875 0.459778 0.024250 0.037778
0 0.603750 0.443111 0.026000 0.032889
0 0.601125 0.467111 0.018750 0.023111
0 0.612750 0.415111 0.022500 0.037333
0 0.599000 0.391333 0.018000 0.032444
0 0.581250 0.401333 0.019500 0.039111
0 0.577000 0.356222 0.017000 0.042222
0 0.602500 0.364889 0.025000 0.024889
0 0.610750 0.328444 0.026000 0.046222
0 0.584000 0.303333 0.024500 0.039556
0 0.547625 0.321111 0.023750 0.022667
0 0.557375 0.353111 0.019750 0.038667
0 0.394125 0.460000 0.019750 0.040889
