0 0.237625 0.541111 0.015250 0.039556
0 0.234875 0.486667 0.020250 0.036444
0 0.239875 0.426667 0.018750 0.041778
0 0.262500 0.702667 0.023500 0.025778
0 0.269125 0.677556 0.015250 0.028889
0 0.256375 0.670444 0.018250 0.019111
0 0.265500 0.650889 0.016000 0.025333
0 0.281500 0.656000 0.014500 0.040889
0 0.274875 0.622667 0.018750 0.035556
0 0.299750 0.547333 0.022000 0.033333
0 0.304000 0.469333 0.021500 0.028444
0 0.289625 0.421778 0.025250 0.039111
0 0.300875 0.403556 0.012750 0.038222
0 0.303875 0.373778 0.015750 0.019556
0 0.290875 0.362222 0.021750 0.033778
0 0.315125 0.350222 0.026750 0.046222
0 0.323000 0.465333 0.015500 0.033778
0 0.339250 0.477333 0.018000 0.033778
0 0.325125 0.504222 0.022250 0.044000
0 0.345875 0.524222 0.020750 0.040444
0 0.322375 0.558889 0.024250 0.039556
0 0.331750 0.584000 0.024000 0.033778
0 0.352500 0.608222 0.023500 0.047556
0 0.360875 0.576889 0.017750 0.038222
0 0.370000 0.554222 0.019000 0.049778
0 0.389625 0.527111 0.019750 0.040889
0 0.376875 0.486222 0.022250 0.030222
0 0.399375 0.468000 0.016750 0.025778
0 0.419375 0.462889 0.022750 0.031556
0 0.412000 0.490444 0.021000 0.028889
0 0.398750 0.441556 0.019000 0.028889
0 0.381125 0.458000 0.018750 0.031556
0 0.369500 0.452444 0.008500 0.026667
0 0.359750 0.427778 0.021500 0.026222
0 0.387250 0.415778 0.022500 0.036889
0 0.400000 0.396000 0.017500 0.038222
0 0.418625 0.402000 0.019250 0.040444
0 0.448875 0.442000 0.023250 0.040444
0 0.513625 0.402222 0.019750 0.051556
0 0.495250 0.389111 0.014500 0.037778
0 0.474875 0.411778 0.012750 0.040444
0 0.463125 0.408889 0.010750 0.031111
0 0.482250 0.349333 0.025500 0.031111
0 0.465875 0.372222 0.016250 0.020889
0 0.480375 0.380000 0.013750 0.034667
0 0.451375 0.324000 0.026750 0.029333
0 0.448250 0.388000 0.023000 0.025778
0 0.442000 0.351333 0.021000 0.035111
0 0.422625 0.356000 0.017250 0.041778
0 0.416000 0.303556 0.024500 0.039111
0 0.396375 0.365111 0.024750 0.024444
0 0.389625 0.328667 0.026750 0.045778
0 0.378625 0.250444 0.023250 0.058222
0 0.401250 0.260667 0.022000 0.039556
0 0.421250 0.200444 0.038000 0.030222
0 0.365875 0.679556 0.013750 0.048889
0 0.351750 0.669556 0.016500 0.034222
0 0.338875 0.674000 0.015250 0.035111
0 0.325000 0.651333 0.023000 0.038667
0 0.427125 0.695111 0.022750 0.032000
0 0.438375 0.632889 0.021250 0.057778
0 0.461750 0.680667 0.023500 0.041333
0 0.478000 0.682889 0.020500 0.040444
0 0.474500 0.725333 0.020000 0.042667
0 0.477625 0.770000 0.025250 0.036000
0 0.522125 0.708222 0.023250 0.034222
0 0.494375 0.723556 0.016250 0.039111
0 0.504125 0.758444 0.022250 0.047556
0 0.475375 0.637111 0.023750 0.038667
0 0.473125 0.593556 0.022750 0.031556
0 0.498625 0.602889 0.024250 0.033333
0 0.482375 0.499556 0.023750 0.038222
0 0.507625 0.532222 0.019750 0.045778
0 0.520625 0.534000 0.012250 0.040444
0 0.532375 0.532889 0.016750 0.037333
0 0.562875 0.519333 0.017750 0.032444
0 0.519500 0.488667 0.017500 0.043111
0 0.539125 0.488667 0.019250 0.044000
0 0.557125 0.638222 0.025750 0.040000
0 0.537500 0.688444 0.012000 0.034667
0 0.547625 0.676000 0.011750 0.030222
0 0.552000 0.698222 0.017500 0.019556
0 0.550500 0.714222 0.019500 0.021333
0 0.584625 0.670889 0.025250 0.045778
0 0.605375 0.461333 0.019750 0.040000
0 0.598875 0.557111 0.023750 0.038667
0 0.629750 0.520222 0.022500 0.041333
0 0.634125 0.554222 0.024250 0.030222
0 0.650500 0.504000 0.021500 0.032889
0 0.668500 0.486444 0.023500 0.038667
0 0.658375 0.606667 0.022250 0.035556
0 0.664625 0.649778 0.018750 0.039111
0 0.764625 0.376222 0.028750 0.036000
0 0.645000 0.396222 0.021000 0.032444
0 0.656875 0.339556 0.022250 0.037333
0 0.680750 0.351111 0.023500 0.038222
0 0.703750 0.255556 0.023000 0.041778
0 0.528375 0.289111 0.026750 0.043111
0 0.556750 0.357778 0.024500 0.045333
0 0.581125 0.396667 0.023250 0.042222
