0 0.235750 0.624000 0.029000 0.039111
0 0.295375 0.745778 0.021750 0.044444
0 0.319375 0.648000 0.023750 0.040889
0 0.343125 0.659778 0.022750 0.039556
0 0.354750 0.604000 0.022000 0.033778
0 0.330250 0.514667 0.020000 0.040000
0 0.349000 0.499778 0.019500 0.031556
0 0.370250 0.480444 0.023500 0.039111
0 0.366875 0.444889 0.024750 0.029333
0 0.341125 0.392222 0.022250 0.036000
0 0.334875 0.350222 0.018750 0.039111
0 0.394125 0.540000 0.024250 0.042667
0 0.418250 0.605556 0.027500 0.038667
0 0.443625 0.641556 0.023750 0.044000
0 0.471375 0.711556 0.028250 0.043556
0 0.484500 0.598222 0.022500 0.051556
0 0.504000 0.609556 0.016500 0.034222
0 0.517375 0.651111 0.023250 0.035556
0 0.532125 0.629111 0.017750 0.026222
0 0.518625 0.616222 0.014750 0.043111
0 0.524375 0.586889 0.010750 0.044000
0 0.534750 0.595111 0.011000 0.031111
0 0.549000 0.610889 0.025000 0.030667
0 0.558375 0.647111 0.020250 0.040000
0 0.548125 0.679111 0.025250 0.025778
0 0.578625 0.800000 0.036250 0.026667
0 0.599250 0.737778 0.020000 0.040889
0 0.620500 0.750444 0.025000 0.055556
0 0.584875 0.695556 0.023750 0.035556
0 0.611250 0.672000 0.025500 0.044444
0 0.576875 0.643778 0.017750 0.044000
0 0.581250 0.600000 0.020000 0.042667
0 0.598375 0.611556 0.019250 0.024000
0 0.612250 0.585333 0.022000 0.034667
0 0.603250 0.636000 0.023000 0.028444
0 0.550500 0.559111 0.022500 0.042667
0 0.517750 0.500444 0.018500 0.040889
0 0.577375 0.541111 0.020750 0.035111
0 0.586750 0.511111 0.021500 0.028444
0 0.601000 0.558889 0.020500 0.025333
0 0.598625 0.535778 0.019250 0.025333
0 0.642500 0.565778 0.017500 0.032889
0 0.618125 0.540444 0.017250 0.025778
0 0.629750 0.553111 0.011000 0.021778
0 0.623000 0.514444 0.022500 0.033333
0 0.610875 0.472889 0.019250 0.040889
0 0.627875 0.443556 0.016250 0.051556
0 0.638375 0.421556 0.016750 0.036889
0 0.648500 0.388889 0.023500 0.045333
0 0.667500 0.412444 0.020000 0.037333
0 0.653500 0.476000 0.023000 0.041778
0 0.678375 0.438444 0.021750 0.042222
0 0.700000 0.453333 0.022500 0.042667
0 0.676250 0.488222 0.023500 0.024444
0 0.680625 0.510444 0.016750 0.020000
0 0.696125 0.532889 0.022250 0.030222
0 0.678250 0.535778 0.014000 0.036889
0 0.659500 0.522889 0.024000 0.035111
0 0.709125 0.572667 0.025250 0.033333
0 0.698625 0.601333 0.015750 0.030222
0 0.684750 0.648000 0.028000 0.040889
0 0.696250 0.625778 0.016500 0.016889
0 0.709625 0.635333 0.020750 0.041333
0 0.675750 0.343333 0.021000 0.046667
0 0.659250 0.325333 0.015500 0.034667
0 0.646875 0.330222 0.016250 0.035556
0 0.634125 0.321333 0.013250 0.047111
0 0.717625 0.342889 0.017250 0.035111
0 0.726500 0.375556 0.015500 0.034667
0 0.733875 0.348889 0.015250 0.029333
0 0.744750 0.333111 0.019000 0.027111
0 0.730000 0.322444 0.014500 0.027111
0 0.736750 0.296000 0.025500 0.030222
0 0.763875 0.460000 0.015750 0.039111
0 0.766250 0.514889 0.021000 0.037778
0 0.761500 0.573556 0.015000 0.043111
0 0.481250 0.510889 0.016000 0.042222
0 0.462500 0.512667 0.015500 0.041333
0 0.450625 0.483778 0.012750 0.040444
0 0.438125 0.479556 0.015250 0.038222
0 0.491500 0.468889 0.020000 0.044444
0 0.478500 0.464222 0.013000 0.041333
0 0.465750 0.462889 0.018000 0.040444
0 0.501625 0.396222 0.023750 0.036889
0 0.526750 0.406222 0.022000 0.034667
0 0.525250 0.363778 0.025500 0.039556
0 0.443250 0.362000 0.023000 0.038667
0 0.538750 0.320222 0.024500 0.037778
0 0.518625 0.316667 0.017250 0.041333
0 0.525625 0.273333 0.018250 0.041778
0 0.476750 0.291778 0.021500 0.036000
0 0.449000 0.285778 0.018500 0.023111
0 0.448125 0.304000 0.015750 0.022222
0 0.462750 0.316667 0.013500 0.028000
0 0.450625 0.326000 0.013750 0.027111
0 0.505750 0.276444 0.014500 0.039111
0 0.492750 0.241556 0.021000 0.042222
0 0.521500 0.231111 0.021000 0.035556
0 0.562625 0.367556 0.019750 0.054222
0 0.573000 0.304444 0.019000 0.033778
0 0.401875 0.443333 0.023250 0.037778
0 0.415250 0.328889 0.023500 0.041778
