0 0.618667 0.061125 0.055111 0.038750
0 0.800444 0.137250 0.063111 0.030000
0 0.218667 0.207375 0.055111 0.026750
0 0.286444 0.213375 0.057333 0.034250
0 0.472444 0.195375 0.052444 0.040750
0 0.444444 0.220125 0.040889 0.028250
0 0.426222 0.250375 0.056000 0.034250
0 0.368444 0.247750 0.043556 0.038000
0 0.602444 0.229375 0.051111 0.035750
0 0.668667 0.174500 0.060000 0.029500
0 0.686000 0.205750 0.048444 0.031000
0 0.515333 0.285875 0.059111 0.029250
0 0.200000 0.326125 0.075556 0.033750
0 0.367111 0.300500 0.067556 0.036000
0 0.611778 0.318750 0.061778 0.042000
0 0.669778 0.354125 0.063111 0.038750
0 0.778667 0.393125 0.067556 0.039750
0 0.255556 0.365125 0.070222 0.034750
0 0.425556 0.350875 0.051111 0.026750
0 0.138000 0.375875 0.038667 0.028750
0 0.201778 0.379000 0.048889 0.020500
0 0.161111 0.374125 0.029778 0.027750
0 0.179778 0.397000 0.059111 0.015000
0 0.150000 0.419625 0.054667 0.034250
0 0.311556 0.451125 0.051556 0.035250
0 0.328667 0.488875 0.052889 0.032750
0 0.263333 0.487000 0.052889 0.034000
0 0.271778 0.544250 0.085778 0.032000
0 0.179778 0.561125 0.057333 0.032250
0 0.193333 0.481500 0.067556 0.023000
0 0.198667 0.510500 0.049778 0.041500
0 0.130889 0.495000 0.058222 0.032000
0 0.062222 0.487500 0.063111 0.032500
0 0.130444 0.461750 0.057333 0.026000
0 0.060000 0.453375 0.044444 0.023750
0 0.093333 0.449000 0.032000 0.028500
0 0.433778 0.373625 0.048889 0.022250
0 0.480667 0.386375 0.060000 0.025250
0 0.479778 0.413625 0.067111 0.025750
0 0.413778 0.434375 0.064889 0.030250
0 0.409556 0.414125 0.065333 0.019750
0 0.409333 0.396500 0.052444 0.029000
0 0.466444 0.470500 0.059111 0.032000
0 0.554444 0.519750 0.072444 0.036000
0 0.531111 0.562250 0.055111 0.032000
0 0.486667 0.575375 0.048000 0.032250
0 0.434000 0.612750 0.066222 0.029000
0 0.495111 0.630500 0.049778 0.034000
0 0.390444 0.641000 0.082222 0.027500
0 0.579778 0.658125 0.048444 0.025250
0 0.550000 0.641625 0.043111 0.019250
0 0.540667 0.621125 0.042222 0.025750
0 0.562889 0.593875 0.040444 0.026250
0 0.524000 0.594375 0.035556 0.034250
0 0.603111 0.610875 0.055111 0.032250
0 0.443111 0.678875 0.063111 0.029750
0 0.513778 0.685250 0.058667 0.034000
0 0.530667 0.711125 0.060444 0.024250
0 0.411778 0.747625 0.057333 0.032250
0 0.392667 0.714375 0.058222 0.036250
0 0.531778 0.740500 0.043111 0.034000
0 0.472444 0.699625 0.064000 0.014750
0 0.491778 0.720125 0.046667 0.029750
0 0.593333 0.761000 0.058667 0.035000
0 0.628000 0.744875 0.057778 0.024250
0 0.700000 0.721750 0.072889 0.041500
0 0.689333 0.759125 0.059556 0.037750
0 0.595778 0.835625 0.072444 0.031750
0 0.510889 0.846500 0.069778 0.033500
0 0.429556 0.842125 0.055556 0.026750
0 0.304889 0.787750 0.065778 0.026000
0 0.248889 0.778875 0.046222 0.026750
0 0.261556 0.801375 0.044889 0.023750
0 0.194000 0.802250 0.038667 0.035000
0 0.231556 0.804250 0.040000 0.045500
0 0.255778 0.712125 0.065333 0.034750
0 0.220889 0.692875 0.053333 0.023250
0 0.228222 0.674375 0.052889 0.022750
0 0.211333 0.653500 0.060889 0.023000
0 0.360667 0.657375 0.054667 0.027250
0 0.311556 0.672000 0.063111 0.036500
0 0.358667 0.683875 0.051556 0.024750
0 0.348222 0.704625 0.047556 0.025750
0 0.610889 0.419750 0.079556 0.027500
0 0.626444 0.444000 0.050222 0.033000
0 0.596667 0.478375 0.068889 0.015750
0 0.610000 0.495625 0.044889 0.019750
0 0.637556 0.517750 0.051111 0.032500
0 0.734222 0.509500 0.048000 0.040000
0 0.690667 0.527125 0.056889 0.031750
0 0.685778 0.555500 0.065778 0.026000
0 0.614889 0.562500 0.062667 0.030500
0 0.644222 0.590500 0.033333 0.029000
0 0.676000 0.595000 0.042667 0.035000
0 0.732000 0.607625 0.069333 0.038750
0 0.765333 0.564750 0.054222 0.037500
0 0.855556 0.620875 0.081778 0.036750
0 0.833111 0.586250 0.065333 0.032000
0 0.925111 0.554125 0.040444 0.060250
0 0.664000 0.486250 0.049778 0.034000
0 0.695556 0.463500 0.063111 0.033000
0 0.638889 0.465125 0.060000 0.016250
