0 0.060750 0.624000 0.035500 0.059556
0 0.140125 0.799111 0.031750 0.062222
0 0.174750 0.669778 0.030000 0.061333
0 0.207875 0.682889 0.033750 0.064444
0 0.226750 0.599778 0.038000 0.054667
0 0.194000 0.465556 0.031500 0.058222
0 0.219375 0.441556 0.029250 0.040444
0 0.252250 0.421556 0.038000 0.064444
0 0.247750 0.369333 0.037500 0.042667
0 0.211750 0.284667 0.033500 0.055556
0 0.205250 0.219333 0.026000 0.057333
0 0.325375 0.198444 0.034250 0.066222
0 0.299750 0.372444 0.039500 0.060444
0 0.285125 0.517778 0.027250 0.064889
0 0.319500 0.612889 0.037500 0.059556
0 0.353875 0.669778 0.039750 0.066667
0 0.392500 0.777556 0.039500 0.076889
0 0.349750 0.428444 0.030500 0.046222
0 0.387750 0.483778 0.023500 0.059111
0 0.373625 0.443111 0.020250 0.078222
0 0.394750 0.414889 0.026500 0.061778
0 0.414000 0.412000 0.015500 0.065778
0 0.433500 0.414222 0.029500 0.072000
0 0.414375 0.480667 0.026750 0.065333
0 0.470875 0.466889 0.030250 0.063556
0 0.451125 0.309556 0.036250 0.052889
0 0.489375 0.325778 0.031250 0.056889
0 0.487125 0.261778 0.035750 0.056000
0 0.505250 0.199333 0.030000 0.055556
0 0.480500 0.193556 0.023500 0.061778
0 0.494125 0.131333 0.024750 0.062667
0 0.488500 0.062667 0.034000 0.061333
0 0.462125 0.132000 0.023750 0.058667
0 0.448000 0.075333 0.031500 0.066222
0 0.420125 0.150444 0.035250 0.057333
0 0.364250 0.250222 0.038500 0.055111
0 0.378625 0.197333 0.023250 0.045333
0 0.395750 0.182444 0.016500 0.060000
0 0.378250 0.137333 0.029000 0.032889
0 0.374125 0.168667 0.021750 0.044000
0 0.418875 0.605333 0.033250 0.077333
0 0.438000 0.628000 0.039500 0.053333
0 0.478250 0.598667 0.016000 0.064889
0 0.494375 0.608000 0.016250 0.044444
0 0.517375 0.634444 0.030750 0.049333
0 0.490625 0.662222 0.021750 0.044444
0 0.465625 0.690889 0.031250 0.068000
0 0.466750 0.636667 0.019000 0.043111
0 0.511375 0.735556 0.036750 0.048000
0 0.527000 0.690222 0.030500 0.058667
0 0.554250 0.683556 0.026000 0.065778
0 0.562000 0.618000 0.030000 0.063556
0 0.587625 0.630667 0.027750 0.056000
0 0.611125 0.604444 0.033250 0.051556
0 0.655000 0.571778 0.027500 0.062667
0 0.594500 0.677333 0.039000 0.041778
0 0.606000 0.731333 0.038500 0.065333
0 0.564125 0.764667 0.036250 0.058222
0 0.584625 0.833778 0.031250 0.064889
0 0.620375 0.853111 0.036750 0.085778
0 0.553125 0.924667 0.056750 0.046667
0 0.720875 0.705556 0.042250 0.056444
0 0.757500 0.688667 0.035000 0.062667
0 0.742000 0.625778 0.025000 0.053333
0 0.760250 0.595111 0.036500 0.058667
0 0.840875 0.597333 0.023750 0.067556
0 0.846375 0.510000 0.034750 0.064444
0 0.843250 0.429333 0.025000 0.068444
0 0.612000 0.437778 0.033000 0.059556
0 0.519625 0.555556 0.038250 0.071111
0 0.576250 0.487556 0.031000 0.051556
0 0.561250 0.529333 0.026500 0.052444
0 0.592000 0.523556 0.027500 0.036444
0 0.596625 0.560222 0.027750 0.041333
0 0.621375 0.539111 0.025250 0.048889
0 0.638750 0.553333 0.017500 0.041778
0 0.630125 0.496444 0.033250 0.047111
0 0.710250 0.531556 0.026000 0.057778
0 0.684250 0.514222 0.034000 0.055111
0 0.741500 0.532000 0.032000 0.041778
0 0.722125 0.498667 0.031750 0.031111
0 0.710250 0.463778 0.036500 0.039556
0 0.676875 0.442444 0.031250 0.062667
0 0.715750 0.392222 0.032000 0.062667
0 0.747375 0.412000 0.034250 0.060444
0 0.705750 0.346222 0.025500 0.045333
0 0.684875 0.365111 0.022750 0.051111
0 0.672750 0.311556 0.034000 0.061333
0 0.659625 0.362667 0.020250 0.053333
0 0.641375 0.389556 0.028750 0.079556
0 0.803000 0.192444 0.038500 0.041778
0 0.786750 0.300000 0.024500 0.050667
0 0.776875 0.253111 0.023250 0.055556
0 0.801250 0.264667 0.027000 0.036000
0 0.814125 0.244222 0.029250 0.052889
0 0.712875 0.252889 0.033250 0.064000
0 0.691250 0.220889 0.020000 0.052444
0 0.671875 0.227333 0.021750 0.056444
0 0.652250 0.207556 0.025000 0.070222
0 0.543000 0.272889 0.030500 0.085333
0 0.559625 0.178222 0.032750 0.053333
