0 0.938375 0.383333 0.037250 0.054667
0 0.859750 0.200444 0.029500 0.063111
0 0.826000 0.331111 0.032500 0.056889
0 0.794125 0.318444 0.028250 0.057333
0 0.605500 0.224000 0.037000 0.067556
0 0.645750 0.329556 0.037000 0.069778
0 0.680500 0.389333 0.036000 0.059556
0 0.769750 0.396222 0.036500 0.061778
0 0.714750 0.485556 0.031500 0.059111
0 0.803375 0.528889 0.033750 0.066667
0 0.779375 0.553111 0.031750 0.051111
0 0.748375 0.578889 0.035750 0.061778
0 0.752625 0.630222 0.034750 0.045333
0 0.700625 0.628444 0.040250 0.058667
0 0.785625 0.712000 0.034250 0.056000
0 0.791625 0.775778 0.032250 0.061778
0 0.675750 0.799556 0.042000 0.066667
0 0.634250 0.747111 0.036000 0.066667
0 0.511125 0.932667 0.034250 0.049333
0 0.505125 0.871778 0.026750 0.060889
0 0.518875 0.807778 0.022250 0.069778
0 0.490750 0.804222 0.039000 0.051111
0 0.438750 0.818889 0.032000 0.049333
0 0.457125 0.726667 0.035750 0.088889
0 0.579750 0.846444 0.031000 0.048444
0 0.512625 0.734889 0.034750 0.051111
0 0.547625 0.687556 0.034250 0.056889
0 0.649375 0.570222 0.024250 0.050667
0 0.584500 0.520444 0.026000 0.058667
0 0.612250 0.520222 0.025500 0.059111
0 0.602625 0.583778 0.026750 0.045778
0 0.624250 0.566222 0.020000 0.062222
0 0.566000 0.589111 0.029500 0.071556
0 0.584250 0.594667 0.019000 0.066667
0 0.529500 0.536000 0.030500 0.062222
0 0.579250 0.391111 0.028500 0.084444
0 0.554875 0.368222 0.019250 0.060000
0 0.481125 0.443333 0.034750 0.062667
0 0.522000 0.403333 0.015500 0.067111
0 0.534500 0.363778 0.019000 0.054667
0 0.535500 0.307556 0.035500 0.057778
0 0.507500 0.337778 0.020000 0.056889
0 0.482500 0.363333 0.030000 0.047556
0 0.489625 0.267556 0.035750 0.047111
0 0.474625 0.307111 0.029250 0.054222
0 0.445375 0.315778 0.022250 0.067111
0 0.439875 0.381778 0.025750 0.062222
0 0.407125 0.359111 0.025250 0.048000
0 0.391250 0.394000 0.034000 0.054667
0 0.435000 0.237111 0.038500 0.062667
0 0.392000 0.265556 0.034500 0.076000
0 0.413750 0.160667 0.032500 0.065333
0 0.377500 0.144444 0.036500 0.087111
0 0.448375 0.075111 0.055250 0.040889
0 0.280500 0.298000 0.046000 0.061778
0 0.241500 0.311111 0.036000 0.056000
0 0.256125 0.371333 0.025250 0.058222
0 0.237375 0.400444 0.039750 0.067556
0 0.162375 0.400889 0.031250 0.063111
0 0.154875 0.488889 0.033750 0.062222
0 0.157875 0.570000 0.024750 0.056444
0 0.252375 0.589333 0.031750 0.049778
0 0.285375 0.605111 0.035750 0.060889
0 0.214875 0.700444 0.030750 0.069333
0 0.196500 0.735778 0.026500 0.040444
0 0.196250 0.806444 0.032000 0.040444
0 0.223125 0.750444 0.025250 0.060000
0 0.190750 0.765333 0.030500 0.035556
0 0.287000 0.744222 0.036000 0.062667
0 0.307250 0.777333 0.023500 0.056000
0 0.327125 0.771556 0.022750 0.061333
0 0.349000 0.790222 0.021000 0.070222
0 0.323375 0.558000 0.031750 0.067111
0 0.297000 0.648444 0.028500 0.058667
0 0.315375 0.640889 0.023250 0.058667
0 0.328250 0.690667 0.034500 0.064889
0 0.341375 0.639556 0.022250 0.057778
0 0.359750 0.612889 0.027000 0.087111
0 0.258750 0.472000 0.035500 0.043556
0 0.275875 0.501333 0.035250 0.047111
0 0.299750 0.528889 0.015000 0.074667
0 0.316125 0.481778 0.037250 0.065778
0 0.286750 0.470222 0.021000 0.058667
0 0.343250 0.416444 0.029500 0.040000
0 0.363875 0.454667 0.020250 0.044444
0 0.371000 0.503556 0.035000 0.048000
0 0.389500 0.566222 0.031000 0.064000
0 0.424375 0.513556 0.031250 0.040444
0 0.439750 0.467111 0.026500 0.061333
0 0.408250 0.477556 0.027000 0.035111
0 0.405625 0.438000 0.031750 0.042222
0 0.377250 0.461333 0.027500 0.046222
