0 0.377500 0.853778 0.035500 0.092444
0 0.414250 0.833556 0.035000 0.065333
0 0.447500 0.924222 0.058000 0.048444
0 0.435375 0.764667 0.037750 0.059111
0 0.391875 0.732889 0.039750 0.066667
0 0.404000 0.678222 0.038500 0.040889
0 0.444875 0.686222 0.022750 0.065778
0 0.488500 0.737111 0.041000 0.036000
0 0.472875 0.690889 0.032750 0.053778
0 0.438125 0.619556 0.031250 0.061333
0 0.408750 0.642222 0.027500 0.034667
0 0.388625 0.602000 0.035250 0.054667
0 0.481750 0.554444 0.036500 0.067111
0 0.606375 0.776889 0.036750 0.066667
0 0.647000 0.668667 0.035000 0.061778
0 0.578750 0.609111 0.033500 0.084000
0 0.555125 0.629333 0.034250 0.052444
0 0.482000 0.640667 0.033000 0.052000
0 0.519125 0.596222 0.022250 0.063556
0 0.505625 0.609556 0.017250 0.054667
0 0.509375 0.657778 0.023750 0.036444
0 0.536000 0.690667 0.035000 0.069333
0 0.529875 0.467333 0.034250 0.059111
0 0.438000 0.533333 0.029000 0.057778
0 0.424250 0.490000 0.030000 0.037778
0 0.343750 0.578889 0.033500 0.052889
0 0.361125 0.550444 0.025750 0.049333
0 0.378750 0.542222 0.030000 0.045333
0 0.369500 0.495778 0.032500 0.043111
0 0.406875 0.524000 0.029250 0.048000
0 0.388125 0.436000 0.027750 0.063111
0 0.360500 0.391111 0.024000 0.080889
0 0.341875 0.359111 0.022750 0.038222
0 0.328375 0.307556 0.037250 0.067556
0 0.317500 0.360889 0.023500 0.048889
0 0.297000 0.355111 0.025500 0.061333
0 0.321750 0.444889 0.029000 0.071111
0 0.314875 0.516889 0.037250 0.062222
0 0.287500 0.533556 0.019500 0.060889
0 0.259750 0.529333 0.030000 0.044444
0 0.295750 0.473111 0.024500 0.071556
0 0.280750 0.483778 0.027000 0.038667
0 0.286500 0.394444 0.037000 0.069778
0 0.253000 0.412222 0.033500 0.064444
0 0.236625 0.590222 0.035750 0.049778
0 0.255125 0.628889 0.017750 0.064000
0 0.240000 0.686444 0.032000 0.059111
0 0.276500 0.702000 0.040500 0.062667
